wave[A] flux[Arbitrary]
600 0.43094
615 0.44323
630 0.45596
645 0.46960
660 0.48325
675 0.49693
690 0.51208
705 0.52726
720 0.54246
735 0.55876
750 0.57561
765 0.59304
780 0.61047
795 0.62904
810 0.64761
825 0.66738
840 0.68716
855 0.70822
870 0.72929
885 0.75172
900 0.77415
915 0.79804
930 0.82193
945 0.85730
960 0.86623
975 0.95178
990 1.07563
1005 1.07176
1020 1.13037
1035 1.31394
1050 1.25656
1065 1.07870
1080 1.01521
1095 0.97583
1110 0.98464
1125 0.97132
1140 0.94692
1155 1.00495
1170 1.13155
1185 1.39529
1200 2.85457
1215 4.91163
1230 3.37746
1245 2.15063
1260 1.53847
1275 1.23862
1290 1.09492
1305 1.09216
1320 1.09126
1335 1.09410
1350 1.08229
1365 1.06314
1380 1.19463
1395 1.25124
1410 1.15810
1425 1.07623
1440 1.00000
1455 0.99759
1470 1.00926
1485 1.04909
1500 1.11640
1515 1.19745
1530 1.70588
1545 1.93848
1560 1.61943
1575 1.37076
1590 1.15729
1605 1.13919
1620 1.14730
1635 1.20784
1650 1.18967
1665 1.13214
1680 1.04279
1695 0.98650
1710 0.99630
1725 1.00634
1740 1.01650
1755 0.99781
1770 0.98423
1785 0.98087
1800 0.97780
1815 0.97487
1830 0.98531
1845 1.00893
1860 1.05894
1875 1.15487
1890 1.27375
1905 1.32408
1920 1.28608
1935 1.07140
1950 0.96609
1965 0.91546
1980 0.90722
1995 0.90111
2010 0.89927
2025 0.89493
2040 0.88934
2055 0.91568
2070 0.93089
2085 0.92381
2100 0.91012
2115 0.89312
2130 0.87989
2145 0.86804
2160 0.85897
2175 0.85257
2190 0.84752
2205 0.84937
2220 0.84832
2235 0.84146
2250 0.84874
2265 0.86311
2280 0.88658
2295 0.90903
2310 0.92943
2325 0.93529
2340 0.93387
2355 0.92291
2370 0.91629
2385 0.91834
2400 0.93308
2415 0.95416
2430 0.95492
2445 0.95643
2460 0.95942
2475 0.95958
2490 0.95832
2505 0.95910
2520 0.95815
2535 0.95376
2550 0.94525
2565 0.93467
2580 0.92403
2595 0.91901
2610 0.92524
2625 0.91675
2640 0.90091
2655 0.89222
2670 0.88925
2685 0.89771
2700 0.91512
2715 0.93699
2730 0.97384
2745 1.01231
2760 1.05402
2775 1.21127
2790 1.42629
2805 1.36001
2820 1.26658
2835 1.11887
2850 1.03334
2865 0.97891
2880 0.95125
2895 0.92889
2910 0.91710
2925 0.92740
2940 0.94876
2955 0.94526
2970 0.93663
2985 0.91775
3000 0.88991
3015 0.85759
3030 0.84699
3045 0.83961
3060 0.83865
3075 0.84297
3090 0.84994
3105 0.87246
3120 0.88562
3135 0.88004
3150 0.87446
3165 0.86888
3180 0.86331
3195 0.85773
3210 0.85215
3225 0.84657
3240 0.84187
3255 0.83953
3270 0.83719
3285 0.83484
3300 0.83250
3315 0.83016
3330 0.82781
3345 0.82546
3360 0.82300
3375 0.82053
3390 0.81806
3405 0.81560
3420 0.81313
3435 0.81066
3450 0.80820
3465 0.80485
3480 0.80100
3495 0.79715
3510 0.79331
3525 0.78946
3540 0.78561
3555 0.78177
3570 0.77792
3585 0.77325
3600 0.76855
3615 0.76385
3630 0.75914
3645 0.75444
3660 0.74973
3675 0.74503
3690 0.74033
3705 0.73616
3720 0.73200
3735 0.72783
3750 0.72366
3765 0.71949
3780 0.71532
3795 0.71115
3810 0.70698
3825 0.70348
3840 0.70013
3855 0.69678
3870 0.69343
3885 0.69008
3900 0.68673
3915 0.68338
3930 0.68003
3945 0.67662
3960 0.67310
3975 0.66957
3990 0.66604
4005 0.66251
4020 0.65898
4035 0.65545
4050 0.65192
4065 0.64839
4080 0.64651
4095 0.64586
4110 0.64521
4125 0.64456
4140 0.64391
4155 0.64326
4170 0.64261
4185 0.64196
4200 0.64131
4215 0.64113
4230 0.64139
4245 0.64166
4260 0.64192
4275 0.64218
4290 0.64245
4305 0.64271
4320 0.64297
4335 0.64324
4350 0.64365
4365 0.64487
4380 0.64608
4395 0.64730
4410 0.64852
4425 0.64973
4440 0.65095
4455 0.65216
4470 0.65338
4485 0.65459
4500 0.65502
4515 0.65463
4530 0.65424
4545 0.65385
4560 0.65346
4575 0.65307
4590 0.65268
4605 0.65230
4620 0.65191
4635 0.65152
4650 0.65107
4665 0.65056
4680 0.65006
4695 0.64955
4710 0.64905
4725 0.64854
4740 0.64804
4755 0.64753
4770 0.64703
4785 0.64652
4800 0.64604
4815 0.64565
4830 0.64527
4845 0.64489
4860 0.64450
4875 0.64412
4890 0.64374
4905 0.64335
4920 0.64297
4935 0.64259
4950 0.64220
4965 0.64007
4980 0.63625
4995 0.63243
5010 0.62862
5025 0.62480
5040 0.62098
5055 0.61717
5070 0.61335
5085 0.60953
5100 0.60572
5115 0.60190
5130 0.59803
5145 0.59410
5160 0.59016
5175 0.58623
5190 0.58230
5205 0.57837
5220 0.57444
5235 0.57051
5250 0.56658
5265 0.56265
5280 0.55872
5295 0.55453
5310 0.54787
5325 0.54121
5340 0.53456
5355 0.52790
5370 0.52124
5385 0.51458
5400 0.50793
5415 0.50127
5430 0.49461
5445 0.48795
5460 0.48130
5475 0.47611
5490 0.47402
5505 0.47192
5520 0.46982
5535 0.46773
5550 0.46563
5565 0.46354
5580 0.46144
5595 0.45935
5610 0.45725
5625 0.45516
5640 0.45306
5655 0.45125
5670 0.45093
5685 0.45062
5700 0.45031
5715 0.44999
5730 0.44968
5745 0.44936
5760 0.44905
5775 0.44873
5790 0.44842
5805 0.44810
5820 0.44779
5835 0.44747
5850 0.44981
5865 0.45401
5880 0.45821
5895 0.46241
5910 0.46660
5925 0.47080
5940 0.47500
5955 0.47920
5970 0.48339
5985 0.48759
6000 0.49179
6015 0.49598
6030 0.50018
6045 0.50548
6060 0.51151
6075 0.51755
6090 0.52358
6105 0.52962
6120 0.53565
6135 0.54169
6150 0.54772
6165 0.55376
6180 0.55979
6195 0.56582
6210 0.57186
6225 0.57789
6240 0.58398
6255 0.59033
6270 0.59668
6285 0.60304
6300 0.60939
6315 0.61574
6330 0.62209
6345 0.62844
6360 0.63479
6375 0.64114
6390 0.64749
6405 0.65384
6420 0.66019
6435 0.66654
6450 0.67122
6465 0.67211
6480 0.67299
6495 0.67388
6510 0.67476
6525 0.67565
6540 0.67653
6555 0.67742
6570 0.67830
6585 0.67919
6600 0.68008
6615 0.68096
6630 0.68185
6645 0.68273
6660 0.68362
6675 0.67787
6690 0.67193
6705 0.66599
6720 0.66006
6735 0.65412
6750 0.64818
6765 0.64225
6780 0.63631
6795 0.63037
6810 0.62444
6825 0.61850
6840 0.61256
6855 0.60662
6870 0.60069
6885 0.59433
6900 0.58582
6915 0.57731
6930 0.56880
6945 0.56029
6960 0.55178
6975 0.54327
6990 0.53476
7005 0.52625
7020 0.51774
7035 0.50923
7050 0.50072
7065 0.49221
7080 0.48369
7095 0.47518
7110 0.46667
7125 0.46211
7140 0.45820
7155 0.45430
7170 0.45039
7185 0.44649
7200 0.44258
7215 0.43868
7230 0.43477
7245 0.43087
7260 0.42696
7275 0.42306
7290 0.41915
7305 0.41525
7320 0.41134
7335 0.40744
7350 0.40360
7365 0.40133
7380 0.39906
7395 0.39678
7410 0.39451
7425 0.39224
7440 0.38997
7455 0.38770
7470 0.38543
7485 0.38316
7500 0.38089
7515 0.37862
7530 0.37634
7545 0.37407
7560 0.37180
7575 0.36953
7590 0.36726
7605 0.36601
7620 0.36521
7635 0.36441
7650 0.36361
7665 0.36280
7680 0.36200
7695 0.36120
7710 0.36040
7725 0.35959
7740 0.35879
7755 0.35799
7770 0.35719
7785 0.35638
7800 0.35558
7815 0.35478
7830 0.35398
7845 0.35317
7860 0.35063
7875 0.34768
7890 0.34472
7905 0.34177
7920 0.33881
7935 0.33586
7950 0.33290
7965 0.32995
7980 0.32699
7995 0.32404
8010 0.32108
8025 0.31813
8040 0.31517
8055 0.31222
8070 0.30926
8085 0.30631
8100 0.30336
8115 0.30059
8130 0.29818
8145 0.29576
8160 0.29334
8175 0.29093
8190 0.28851
8205 0.28610
8220 0.28368
8235 0.28127
8250 0.27885
8265 0.27643
8280 0.27402
8295 0.27160
8310 0.26919
8325 0.26677
8340 0.26435
8355 0.26194
8370 0.25952
8385 0.25757
8400 0.25661
8415 0.25564
8430 0.25467
8445 0.25370
8460 0.25273
8475 0.25176
8490 0.25079
8505 0.24982
8520 0.24885
8535 0.24789
8550 0.24692
8565 0.24595
8580 0.24498
8595 0.24401
8610 0.24304
8625 0.24207
8640 0.24110
8655 0.24013
8670 0.23877
8685 0.23724
8700 0.23570
8715 0.23416
8730 0.23262
8745 0.23108
8760 0.22954
8775 0.22801
8790 0.22647
8805 0.22493
8820 0.22339
8835 0.22185
8850 0.22031
8865 0.21878
8880 0.21724
8895 0.21570
8910 0.21416
8925 0.21262
8940 0.21108
8955 0.20956
8970 0.20806
8985 0.20656
9000 0.20506
9015 0.20356
9030 0.20206
9045 0.20056
9060 0.19906
9075 0.19756
9090 0.19606
9105 0.19456
9120 0.19306
9135 0.19156
9150 0.19006
9165 0.18856
9180 0.18706
9195 0.18556
9210 0.18406
9225 0.18256
9240 0.18106
9255 0.17968
9270 0.17839
9285 0.17711
9300 0.17583
9315 0.17454
9330 0.17326
9345 0.17198
9360 0.17069
9375 0.16941
9390 0.16812
9405 0.16684
9420 0.16556
9435 0.16427
9450 0.16299
9465 0.16170
9480 0.16042
9495 0.15914
9510 0.15785
9525 0.15657
9540 0.15528
9555 0.15400
9570 0.15327
9585 0.15255
9600 0.15184
9615 0.15113
9630 0.15041
9645 0.14970
9660 0.14899
9675 0.14827
9690 0.14756
9705 0.14684
9720 0.14613
9735 0.14542
9750 0.14470
9765 0.14399
9780 0.14327
9795 0.14256
9810 0.14185
9825 0.14113
9840 0.14042
9855 0.13970
9870 0.13899
9885 0.13875
9900 0.13870
9915 0.13864
9930 0.13859
9945 0.13853
9960 0.13848
9975 0.13843
9990 0.13837
10005 0.13832
10020 0.13826
10035 0.13821
10050 0.13816
10065 0.13810
10080 0.13805
10095 0.13799
10110 0.13794
10125 0.13788
10140 0.13783
10155 0.13778
10170 0.13772
10185 0.13767
10200 0.13761
10215 0.13699
10230 0.13619
10245 0.13539
10260 0.13458
10275 0.13378
10290 0.13298
10305 0.13218
10320 0.13138
10335 0.13057
10350 0.12977
10365 0.12897
10380 0.12817
10395 0.12736
10410 0.12656
10425 0.12576
10440 0.12496
10455 0.12416
10470 0.12335
10485 0.12255
10500 0.12175
10515 0.12095
10530 0.12014
10545 0.11936
10560 0.11876
10575 0.11816
10590 0.11756
10605 0.11695
10620 0.11635
10635 0.11575
10650 0.11515
10665 0.11455
10680 0.11395
10695 0.11335
10710 0.11275
10725 0.11215
10740 0.11155
10755 0.11095
10770 0.11035
10785 0.10975
10800 0.10915
10815 0.10855
10830 0.10795
10845 0.10735
10860 0.10674
10875 0.10614
10890 0.10554
10905 0.10476
10920 0.10386
10935 0.10296
10950 0.10206
10965 0.10117
10980 0.10027
10995 0.09937
11010 0.09847
11025 0.09757
11040 0.09667
11055 0.09578
11070 0.09488
11085 0.09398
11100 0.09308
11115 0.09218
11130 0.09129
11145 0.09039
11160 0.08949
11175 0.08859
11190 0.08769
11205 0.08680
11220 0.08590
11235 0.08500
11250 0.08410
11265 0.08343
11280 0.08310
11295 0.08277
11310 0.08244
11325 0.08211
11340 0.08178
11355 0.08145
11370 0.08112
11385 0.08080
11400 0.08047
11415 0.08014
11430 0.07981
11445 0.07948
11460 0.07915
11475 0.07882
11490 0.07849
11505 0.07816
11520 0.07783
11535 0.07750
11550 0.07718
11565 0.07685
11580 0.07652
11595 0.07619
11610 0.07586
11625 0.07553
11640 0.07497
11655 0.07400
11670 0.07302
11685 0.07204
11700 0.07107
11715 0.07009
11730 0.06912
11745 0.06814
11760 0.06717
11775 0.06619
11790 0.06522
11805 0.06424
11820 0.06327
11835 0.06229
11850 0.06132
11865 0.06034
11880 0.05937
11895 0.05839
11910 0.05742
11925 0.05644
11940 0.05547
11955 0.05449
11970 0.05351
11985 0.05254
12000 0.05156
12015 0.05059
12030 0.04956
12045 0.04846
12060 0.04737
12075 0.04627
12090 0.04518
12105 0.04408
12120 0.04299
12135 0.04189
12150 0.04080
12165 0.03970
12180 0.03861
12195 0.03751
12210 0.03642
12225 0.03532
12240 0.03423
12255 0.03313
12270 0.03204
12285 0.03094
12300 0.02985
12315 0.02875
12330 0.02766
12345 0.02656
12360 0.02547
12375 0.02437
12390 0.02328
12405 0.02219
12420 0.02109
12435 0.02065
12450 0.02043
12465 0.02021
12480 0.01999
12495 0.01978
12510 0.01956
12525 0.01934
12540 0.01912
12555 0.01890
12570 0.01868
12585 0.01846
12600 0.01824
12615 0.01802
12630 0.01781
12645 0.01759
12660 0.01737
12675 0.01715
12690 0.01693
12705 0.01671
12720 0.01649
12735 0.01627
12750 0.01605
12765 0.01584
12780 0.01562
12795 0.01540
12810 0.01518
12825 0.01496
12840 0.01472
12855 0.01435
12870 0.01399
12885 0.01362
12900 0.01325
12915 0.01288
12930 0.01251
12945 0.01214
12960 0.01178
12975 0.01141
12990 0.01104
13005 0.01067
13020 0.01030
13035 0.00993
13050 0.00957
13065 0.00920
13080 0.00883
13095 0.00846
13110 0.00809
13125 0.00772
13140 0.00736
13155 0.00699
13170 0.00662
13185 0.00625
13200 0.00588
13215 0.00551
13230 0.00514
13245 0.00478
13260 0.00441
13275 0.00417
